09 
00 00 00 0E 
53 6E 61 70 47 65 6E 65 00 01 00 0C 00 0B 

00 
00 00 00 1A 
02 
41 41 41 43 41 54 47 47 43 47 41 41 47 41 41 47 41 43 47 54 41 43 47 41 43 

02 
00 00 06 35 
01 00 00 00 00 00 00 00 00 00 00 00 00 00 00 00 00 00 00 00 00 00 00 00 00 00 00 00 00 00 00 00 00 00 00 00 00 00 00 00 00 00 00 00 00 00 00 00 00 00 00 00 01 00 00 00 00 00 00 00 00 00 00 00 00 00 00 00 00 00 00 00 00 00 00 00 00 00 00 00 00 00 00 00 02 00 00 00 00 00 00 00 00 00 00 00 00 00 00 00 00 00 00 00 00 00 00 00 00 00 00 00 00 00 00 00 01 00 00 00 00 00 00 00 00 00 00 00 00 00 00 00 00 00 00 00 00 00 00 00 00 00 00 00 00 00 00 00 00 00 00 00 00 00 00 00 00 00 00 00 01 00 00 00 00 00 00 00 00 00 00 00 00 00 00 00 00 00 00 00 00 00 00 00 00 00 00 00 00 00 00 00 00 00 00 00 00 00 00 00 01 00 00 00 00 00 00 00 00 00 00 00 00 00 00 00 00 00 00 00 00 00 00 00 00 00 00 00 00 00 00 00 00 00 00 00 00 00 00 00 00 00 00 00 00 00 00 00 00 00 00 00 00 00 00 00 00 00 00 00 00 00 00 00 00 00 00 00 00 00 00 00 00 00 00 00 00 00 00 00 01 00 00 00 00 00 00 00 01 00 00 00 00 00 00 00 00 00 00 00 00 00 00 00 00 00 00 00 00 00 00 00 00 00 00 00 00 00 00 00 00 00 00 00 00 00 00 00 02 00 00 00 00 00 00 00 00 00 00 00 00 00 00 00 00 00 00 00 00 00 00 00 01 00 00 00 00 00 00 00 00 00 00 00 00 00 00 00 00 00 00 00 00 00 00 00 01 00 00 00 00 00 00 00 00 00 00 00 01 00 00 00 00 00 00 00 00 00 00 00 00 00 00 00 00 00 00 00 00 00 00 00 00 00 00 00 00 00 00 00 00 00 00 00 00 00 00 00 00 00 00 00 00 00 00 00 00 00 00 00 00 00 00 00 00 00 00 00 00 00 00 00 00 00 00 00 01 00 00 00 01 00 00 00 00 00 00 00 00 00 00 00 00 00 00 00 01 00 00 00 00 00 00 00 00 00 00 00 00 00 00 00 00 00 00 00 00 00 00 00 00 00 00 00 00 00 00 00 00 00 00 00 00 00 00 00 00 00 00 00 00 00 00 00 00 00 00 00 01 00 00 00 00 00 00 00 00 00 00 00 00 00 00 00 00 00 00 00 00 00 00 00 00 00 00 00 00 00 00 00 00 00 00 00 00 00 00 00 00 00 00 00 00 00 00 00 00 00 00 00 00 00 00 00 00 00 00 00 00 00 00 00 00 00 00 00 00 00 00 00 00 00 00 00 00 00 00 00 00 00 00 00 00 00 00 00 00 00 00 00 00 00 00 00 00 00 00 00 01 00 00 00 00 00 00 00 00 00 00 00 00 00 00 00 00 00 00 00 00 00 00 00 00 00 00 00 00 00 00 00 00 00 00 00 00 00 00 00 00 00 00 00 00 00 00 00 00 00 00 00 00 00 00 00 00 00 00 00 00 00 00 00 00 00 00 00 00 00 00 00 00 00 00 00 00 00 00 00 00 00 00 00 00 00 00 00 00 00 00 00 00 00 00 00 00 00 00 00 00 00 00 00 00 00 00 00 00 00 00 00 00 00 00 00 00 00 00 00 00 00 00 00 00 00 00 00 00 00 00 00 00 00 00 00 00 00 00 00 00 00 00 00 00 00 00 00 00 00 00 00 00 00 00 00 00 00 00 00 00 00 00 00 01 00 00 00 00 00 00 00 01 00 00 00 00 00 00 00 01 00 00 00 00 00 00 00 00 00 00 00 00 00 00 00 00 00 00 00 00 00 00 00 00 00 00 00 00 00 00 00 00 00 00 00 00 00 00 00 00 00 00 00 00 00 00 00 00 00 00 00 00 00 00 00 00 00 00 00 01 00 00 00 00 00 00 00 00 00 00 00 00 00 00 00 00 00 00 00 00 00 00 00 00 00 00 00 00 00 00 00 00 00 00 00 00 00 00 00 00 00 00 00 00 00 00 00 00 00 00 00 00 00 00 00 00 00 00 00 00 00 00 00 00 00 00 00 00 00 00 00 00 00 00 00 00 00 00 00 00 00 00 00 00 00 00 00 00 00 00 00 00 00 00 00 00 00 00 00 00 00 00 00 00 00 00 00 00 00 00 00 00 00 00 00 00 00 00 00 00 00 00 00 00 00 00 00 00 00 00 00 00 00 00 00 00 00 00 00 00 00 00 00 00 00 00 00 00 00 00 00 00 00 00 00 00 00 00 00 00 00 00 00 00 00 00 00 00 00 00 00 00 00 00 00 00 00 00 00 00 00 00 00 00 00 00 00 00 01 00 06 00 00 00 00 00 00 00 00 00 00 00 00 00 00 00 02 00 09 00 0C 00 00 00 00 00 00 00 00 00 00 00 00 00 00 00 01 00 0F 00 00 00 00 00 00 00 00 00 00 00 00 00 00 00 00 00 00 00 00 00 01 00 12 00 00 00 00 00 00 00 00 00 00 00 00 00 00 00 00 00 00 00 01 00 07 00 00 00 00 00 00 00 00 00 00 00 00 00 00 00 00 00 00 00 00 00 00 00 00 00 00 00 00 00 00 00 00 00 00 00 00 00 00 00 01 00 0B 00 00 00 01 00 0E 00 00 00 00 00 00 00 00 00 00 00 00 00 00 00 00 00 00 00 02 00 0A 00 0D 00 00 00 00 00 00 00 00 00 00 00 01 00 00 00 00 00 00 00 00 00 00 00 00 00 01 00 01 00 00 00 00 00 01 00 04 00 00 00 00 00 00 00 00 00 00 00 00 00 00 00 00 00 00 00 00 00 00 00 00 00 00 00 00 00 00 00 00 00 01 00 14 00 01 00 10 00 00 00 00 00 00 00 01 00 02 00 00 00 00 00 00 00 00 00 00 00 00 00 00 00 00 00 00 00 00 00 00 00 00 00 01 00 05 00 00 00 00 00 00 00 00 00 00 00 00 00 00 00 00 00 00 00 00 00 00 00 00 00 00 00 00 00 00 00 00 00 00 00 00 00 00 00 00 00 00 00 00 00 00 00 00 00 01 00 13 00 00 00 00 00 00 00 00 00 00 00 00 00 00 00 00 00 00 00 00 00 00 00 00 00 00 00 00 00 00 00 00 00 00 00 00 00 00 00 00 00 00 00 00 00 00 00 00 00 00 00 00 00 00 00 00 00 00 00 00 00 00 00 00 00 00 00 00 00 00 00 00 00 00 00 00 00 00 00 00 00 01 00 08 00 00 00 01 00 15 00 00 00 01 00 11 00 00 00 00 00 00 00 00 00 00 00 00 00 00 00 00 00 00 00 00 00 00 00 00 00 00 00 00 00 01 00 03 00 00 00 00 00 00 00 00 00 00 00 00 00 00 00 00 00 00 00 00 00 00 00 00 00 00 00 00 00 00 00 00 00 00 00 00 00 00 00 00 00 00 00 00 00 00 00 00 00 00 00 00 00 00 00 00 00 00 00 00 00 00 00 00 00 00 00 00 00 00 00 00 00 00 00 00 00 00 00

03 
00 00 1D A4
01 00 00 12 71 47 41 43 4E 4E 4E 4E 4E 4E 47 54 43 2C 43 43 41 47 47 43 43 54 47 47 2C 47 41 54 43 43 47 47 41 54 43 2C 43 43 57 47 47 54 41 43 43 57 47 47 2C 43 43 41 4E 4E 4E 4E 4E 54 47 47 2C 43 43 41 47 47 4E 4E 4E 54 47 47 2C 43 43 41 4E 4E 4E 43 43 54 47 47 2C 43 43 41 47 47 4E 43 43 54 47 47 2C 47 43 41 43 4E 4E 4E 41 41 43 47 54 54 4E 4E 4E 47 54 47 43 2C 43 41 43 4E 4E 4E 47 54 47 2C 43 43 4E 4E 4E 4E 4E 4E 4E 47 47 2C 41 41 43 4E 41 41 43 52 59 47 54 47 43 47 54 47 43 2C 47 43 41 43 47 43 41 43 52 59 47 54 54 4E 47 54 54 2C 47 43 41 43 4E 41 41 43 52 59 47 54 54 4E 47 54 47 43 2C 41 41 43 47 43 41 43 52 59 47 54 47 43 47 54 54 2C 47 41 43 4E 4E 4E 4E 4E 47 54 43 2C 47 41 41 4E 4E 4E 4E 4E 4E 4E 54 54 47 47 2C 43 43 41 41 4E 4E 4E 4E 4E 4E 4E 54 54 43 2C 43 41 43 4E 4E 4E 4E 47 54 47 2C 41 41 43 41 43 4E 4E 4E 4E 47 54 47 43 2C 47 43 41 43 4E 4E 4E 4E 47 54 47 54 54 2C 47 43 41 4E 4E 4E 4E 4E 4E 54 47 43 2C 47 41 41 43 4E 4E 4E 4E 4E 4E 54 43 43 2C 47 47 41 4E 4E 4E 4E 4E 4E 47 54 54 43 2C 43 41 47 4E 4E 4E 43 54 47 2C 43 43 41 47 47 4E 4E 43 54 47 2C 43 41 47 4E 4E 43 43 54 47 47 2C 43 43 57 47 47 47 43 43 43 2C 47 47 47 43 43 43 57 47 47 2C 43 43 57 47 47 47 43 43 43 57 47 47 2C 41 41 43 4E 4E 4E 4E 4E 4E 47 54 47 43 41 43 4E 4E 4E 4E 4E 4E 47 54 54 2C 47 41 43 4E 4E 4E 47 54 43 2C 47 41 41 4E 4E 4E 4E 54 54 43 2C 43 43 57 47 47 54 41 43 43 2C 47 47 54 41 43 43 57 47 47 2C 43 43 57 47 47 57 43 43 57 47 47 2C 41 43 4E 4E 4E 4E 47 54 41 59 43 2C 47 52 54 41 43 4E 4E 4E 4E 47 54 2C 43 43 57 47 47 59 52 43 43 57 47 47 2C 47 41 41 47 4E 4E 4E 4E 4E 4E 54 41 43 2C 47 54 41 4E 4E 4E 4E 4E 4E 43 54 54 43 2C 41 41 43 47 47 43 4E 4E 4E 47 54 47 43 2C 47 43 41 43 4E 4E 4E 47 43 43 47 54 54 2C 47 43 41 43 47 47 43 4E 4E 4E 47 54 54 2C 41 41 43 4E 4E 4E 47 43 43 47 54 47 43 2C 43 47 41 4E 4E 4E 4E 4E 4E 54 47 43 2C 47 43 41 4E 4E 4E 4E 4E 4E 54 43 47 2C 43 47 41 54 43 4E 4E 4E 4E 54 47 43 2C 47 43 41 4E 4E 4E 4E 47 41 54 43 47 2C 54 47 41 4E 4E 4E 4E 4E 4E 54 43 41 2C 54 47 41 54 43 4E 4E 4E 4E 54 43 41 2C 54 47 41 4E 4E 4E 4E 47 41 54 43 41 2C 54 47 41 54 43 4E 4E 47 41 54 43 41 2C 41 41 43 43 54 47 43 4E 4E 47 54 47 43 2C 47 43 41 43 4E 4E 47 43 41 47 47 54 54 2C 47 43 41 43 43 54 47 43 4E 4E 47 54 54 2C 41 41 43 4E 4E 47 43 41 47 47 54 47 43 2C 47 43 43 4E 4E 4E 4E 4E 47 47 43 2C 41 41 43 4E 4E 4E 4E 4E 4E 47 54 47 43 4D 43 2C 47 4B 47 43 41 43 4E 4E 4E 4E 4E 4E 47 54 54 2C 43 43 57 47 47 4E 43 43 57 47 47 2C 41 41 43 54 47 47 47 4E 4E 47 54 47 43 2C 47 43 41 43 4E 4E 43 43 43 41 47 54 54 2C 47 43 41 43 54 47 47 47 4E 4E 47 54 54 2C 41 41 43 4E 4E 43 43 43 41 47 54 47 43 2C 47 41 43 4E 4E 4E 4E 47 54 43 2C 47 41 47 4E 4E 4E 4E 4E 43 54 43 2C 43 43 57 47 47 54 43 54 43 2C 47 41 47 41 43 43 57 47 47 2C 47 41 54 4E 4E 4E 4E 41 54 43 2C 47 41 54 43 4E 4E 4E 41 54 43 2C 47 41 54 4E 4E 4E 47 41 54 43 2C 47 41 54 43 4E 4E 47 41 54 43 2C 43 43 57 47 47 43 47 43 43 57 47 47 2C 41 43 4E 4E 4E 4E 4E 43 54 43 43 2C 47 47 41 47 4E 4E 4E 4E 4E 47 54 2C 41 41 43 4E 4E 4E 4E 4E 4E 47 54 47 43 41 47 2C 43 54 47 43 41 43 4E 4E 4E 4E 4E 4E 47 54 54 2C 47 41 54 43 41 54 47 41 54 43 2C 43 43 57 47 47 4E 4E 43 43 57 47 47 2C 41 41 43 54 47 47 4E 4E 4E 47 54 47 43 2C 47 43 41 43 4E 4E 4E 43 43 41 47 54 54 2C 47 43 41 43 54 47 47 4E 4E 4E 47 54 54 2C 41 41 43 4E 4E 4E 43 43 41 47 54 47 43 2C 41 41 43 4E 41 41 43 43 47 47 54 47 43 47 54 47 43 2C 47 43 41 43 47 43 41 43 43 47 47 54 54 4E 47 54 54 2C 47 43 41 43 4E 41 41 43 43 47 47 54 54 4E 47 54 47 43 2C 41 41 43 47 43 41 43 43 47 47 54 47 43 47 54 54 2C 47 43 41 4E 4E 4E 4E 4E 54 47 43 2C 47 43 41 43 4E 4E 4E 4E 4E 4E 47 54 54 43 47 41 41 43 4E 4E 4E 4E 4E 4E 47 54 47 43 2C 43 43 54 4E 4E 4E 4E 4E 41 47 47 2C 47 43 4E 4E 4E 4E 4E 4E 4E 47 43 2C 43 43 41 4E 4E 4E 4E 4E 4E 54 47 47 2C 43 43 41 47 47 4E 4E 43 43 54 47 47 2C 43 43 54 47 47 43 43 41 47 47 2C 43 41 41 4E 4E 4E 4E 4E 47 54 47 47 2C 43 43 41 43 4E 4E 4E 4E 4E 54 54 47 2C 54 54 54 41 41 41 43 4E 4E 4E 4E 4E 4E 47 54 47 43 2C 47 43 41 43 4E 4E 4E 4E 4E 4E 47 54 54 54 41 41 41 2C 47 43 41 43 4E 4E 4E 4E 4E 4E 47 54 54 54 41 41 41 43 4E 4E 4E 4E 4E 4E 47 54 47 43 2C 43 43 41 47 47 4E 43 43 59 2C 52 47 47 4E 43 43 54 47 47 2C 43 43 57 47 47 47 4E 43 43 54 47 47 2C 43 43 41 47 47 4E 43 43 43 57 47 47 2C 41 41 47 4E 4E 4E 4E 4E 43 54 54 2C 47 41 59 4E 4E 4E 4E 4E 56 54 43 2C 47 41 47 4E 4E 4E 4E 4E 41 54 43 2C 47 41 47 4E 4E 4E 4E 4E 47 54 43 2C 47 41 54 43 4E 4E 4E 4E 56 54 43 2C 47 41 42 4E 4E 4E 4E 47 41 54 43 2C 47 41 59 4E 4E 4E 4E 47 41 54 43 2C 47 41 54 43 4E 4E 4E 4E 52 54 43 2C 47 41 54 43 4E 4E 4E 47 41 54 43 2C 47 54 59 41 41 43 4E 4E 4E 4E 4E 4E 47 54 47 43 2C 47 43 41 43 4E 4E 4E 4E 4E 4E 47 54 54 52 41 43 2C 47 43 41 43 4E 4E 4E 4E 4E 4E 47 54 54 41 41 43 4E 4E 4E 4E 4E 4E 47 54 47 43 2C 47 41 54 43 4E 47 41 54 43 2C 54 41 41 43 54 41 54 41 41 43 47 47 54 43 43 54 41 41 47 47 54 41 47 43 47 41 2C 54 43 47 43 54 41 43 43 54 54 41 47 47 41 43 43 47 54 54 41 54 41 47 54 54 41 2C 43 54 43 54 43 54 54 41 41 47 47 54 41 47 43 2C 47 43 54 41 43 43 54 54 41 41 47 41 47 41 47 2C 54 41 47 47 47 41 54 41 41 43 41 47 47 47 54 41 41 54 2C 41 54 54 41 43 43 43 54 47 54 54 41 54 43 43 43 54 41 2C 47 54 54 41 41 43 4E 4E 4E 4E 4E 4E 47 54 47 43 2C 47 43 41 43 4E 4E 4E 4E 4E 4E 47 54 54 41 41 43 2C 41 41 43 4E 41 41 43 47 43 47 54 47 43 47 54 47 43 2C 47 43 41 43 47 43 41 43 47 43 47 54 54 4E 47 54 54 2C 47 43 41 43 4E 41 41 43 47 43 47 54 54 4E 47 54 47 43 2C 41 41 43 47 43 41 43 47 43 47 54 47 43 47 54 54 2C 54 43 43 41 41 43 4E 4E 4E 4E 4E 4E 47 54 47 43 2C 47 43 41 43 4E 4E 4E 4E 4E 4E 47 54 54 47 47 41 2C 43 41 59 4E 4E 4E 4E 52 54 47 2C 41 41 43 41 59 4E 4E 4E 4E 47 54 47 43 2C 47 43 41 43 4E 4E 4E 4E 52 54 47 54 54 2C 47 54 54 54 41 41 41 43 4E 4E 4E 4E 4E 4E 47 54 47 43 2C 47 43 41 43 4E 4E 4E 4E 4E 4E 47 54 54 54 41 41 41 43 2C 43 43 57 47 47 43 47 43 43 2C 47 47 43 47 43 43 57 47 47 2C 43 43 57 47 47 4E 4E 43 43 2C 47 47 4E 4E 43 43 57 47 47 2C 47 41 54 43 47 43 47 41 54 43 2C 41 41 43 4E 41 41 43 41 54 47 54 47 43 47 54 47 43 2C 47 43 41 43 47 43 41 43 41 54 47 54 54 4E 47 54 54 2C 47 43 41 43 4E 41 41 43 41 54 47 54 54 4E 47 54 47 43 2C 41 41 43 47 43 41 43 41 54 47 54 47 43 47 54 54 2C 54 47 47 43 41 41 41 43 41 47 43 54 41 54 54 41 54 47 47 47 54 41 54 54 41 54 47 47 47 54 2C 41 43 43 43 41 54 41 41 54 41 43 43 43 41 54 41 41 54 41 47 43 54 47 54 54 54 47 43 43 41 2C 41 54 43 54 41 54 47 54 43 47 47 47 54 47 43 47 47 41 47 41 41 41 47 41 47 47 54 41 41 54 47 41 41 41 54 47 47 2C 43 43 41 54 54 54 43 41 54 54 41 43 43 54 43 54 54 54 43 54 43 43 47 43 41 43 43 43 47 41 43 41 54 41 47 41 54 2C 41 41 43 4E 4E 47 43 41 43 47 54 47 43 4E 4E 47 54 54 2C 47 41 41 43 4E 4E 4E 4E 4E 43 54 43 2C 47 41 47 4E 4E 4E 4E 4E 47 54 54 43 2C 43 43 41 47 47 57 43 43 59 2C 52 47 47 57 43 43 54 47 47 2C 43 43 57 47 47 47 57 43 43 54 47 47 2C 43 43 41 47 47 57 43 43 43 57 47 47 2C 43 43 41 47 47 57 43 43 54 47 47 2C 54 54 41 54 41 41 43 4E 4E 4E 4E 4E 4E 47 54 47 43 2C 47 43 41 43 4E 4E 4E 4E 4E 4E 47 54 54 41 54 41 41 2C 47 43 41 43 4E 4E 4E 4E 4E 4E 47 54 54 41 54 41 41 43 4E 4E 4E 4E 4E 4E 47 54 47 43 2C 47 41 41 43 4E 4E 4E 4E 4E 4E 54 41 43 2C 47 54 41 4E 4E 4E 4E 4E 4E 47 54 54 43 2C 47 47 43 43 4E 4E 4E 4E 4E 47 47 43 43 2C 41 41 43 4E 4E 41 43 54 41 47 54 47 43 2C 47 43 41 43 54 41 47 54 4E 4E 47 54 54 2C 41 41 43 54 41 47 54 4E 4E 47 54 47 43 2C 47 43 41 43 4E 4E 41 43 54 41 47 54 54 2C 41 41 43 4E 41 41 43 54 41 47 54 47 43 47 54 47 43 2C 47 43 41 43 47 43 41 43 54 41 47 54 54 4E 47 54 54 2C 47 43 41 43 4E 41 41 43 54 41 47 54 54 4E 47 54 47 43 2C 41 41 43 47 43 41 43 54 41 47 54 47 43 47 54 54 2C 41 41 43 4E 4E 4E 41 41 43 47 54 47 43 4E 4E 47 54 47 43 2C 47 43 41 43 4E 4E 47 43 41 43 47 54 54 4E 4E 4E 47 54 54 2C 47 43 41 43 43 43 41 4E 4E 4E 47 54 54 2C 41 41 43 4E 4E 4E 54 47 47 47 54 47 43 2C 54 54 41 41 43 4E 4E 4E 4E 4E 4E 47 54 47 43 2C 47 43 41 43 4E 4E 4E 4E 4E 4E 47 54 54 41 41 2C 43 41 43 4E 4E 4E 4E 4E 4E 54 43 43 2C 47 47 41 4E 4E 4E 4E 4E 4E 47 54 47 2C 43 41 43 4E 4E 4E 4E 47 41 54 43 43 2C 47 47 41 54 43 4E 4E 4E 4E 47 54 47 2C 47 41 54 43 54 41 47 41 54 43 2C 43 43 41 4E 4E 4E 4E 4E 4E 4E 4E 4E 54 47 47 2C 43 43 41 47 47 43 43 54 2C 41 47 47 43 43 54 47 47 2C 43 43 54 43 47 41 47 47 2C 47 41 54 43 43 47 47 41 2C 54 43 43 47 47 41 54 43 2C 47 47 43 47 43 47 43 43 2C 47 43 47 41 54 43 47 43 2C 43 43 57 47 47 57 43 43 2C 47 47 57 43 43 57 47 47 2C 47 41 54 43 47 41 54 43 2C 47 41 54 43 41 54 47 41 2C 54 43 41 54 47 41 54 43 2C 47 43 47 47 43 43 47 43 2C 43 43 54 47 47 43 43 52 2C 59 47 47 43 43 41 47 47 2C 43 43 57 47 47 4E 43 43 2C 47 47 4E 43 43 57 47 47 2C 47 47 43 43 47 47 43 43 2C 52 54 47 43 47 43 41 59 2C 47 41 54 43 4E 4E 47 41 2C 54 43 4E 4E 47 41 54 43 2C 43 47 43 47 43 47 43 47 2C 43 43 54 47 47 43 43 41 2C 54 47 47 43 43 41 47 47 2C 43 47 43 43 47 47 43 47 2C 47 54 54 54 41 41 41 43 2C 47 41 54 43 47 43 47 41 2C 54 43 47 43 47 41 54 43 2C 54 54 41 41 54 54 41 41 2C 56 43 54 43 47 41 47 42 2C 43 43 54 47 43 41 47 47 2C 43 52 43 43 47 47 59 47 2C 43 47 54 43 47 41 43 47 2C 41 54 54 54 41 41 41 54 2C 47 43 43 43 47 47 47 43 2C 47 41 54 43 54 41 47 41 2C 54 43 54 41 47 41 54 43 2C 43 41 43 43 54 47 43 2C 47 43 41 47 47 54 47 2C 43 43 54 4E 41 47 47 2C 47 41 54 43 47 41 54 2C 41 54 43 47 41 54 43 2C 43 43 54 43 41 47 43 2C 47 43 54 47 41 47 47 2C 47 43 54 4E 41 47 43 2C 43 43 54 4E 41 47 43 2C 47 43 54 4E 41 47 47 2C 47 43 54 43 54 54 43 2C 47 41 41 47 41 47 43 2C 47 47 54 4E 41 43 43 2C 43 47 47 57 43 43 47 2C 41 43 43 57 47 47 54 2C 52 47 47 4E 43 43 59 2C 43 43 54 47 47 41 47 2C 43 54 43 43 41 47 47 2C 47 47 54 47 41 54 43 2C 47 41 54 43 41 43 43 2C 47 41 54 43 4E 47 41 2C 54 43 4E 47 41 54 43 2C 47 47 47 57 43 43 43 2C 47 41 41 47 41 54 43 2C 47 41 54 43 54 54 43 2C 43 43 43 57 47 47 47 2C 54 43 43 4E 47 47 41 2C 54 43 43 57 47 47 41 2C 52 47 47 57 43 43 59 2C 54 54 41 54 41 41 2C 41 47 47 43 43 54 2C 47 41 43 47 54 43 2C 47 54 4D 4B 41 43 2C 54 43 43 47 47 41 2C 54 47 43 47 43 41 2C 41 43 43 54 47 43 2C 47 43 41 47 47 54 2C 47 47 54 41 43 43 2C 41 47 54 41 43 54 2C 47 47 59 52 43 43 2C 43 43 47 43 54 43 2C 47 41 47 43 47 47 2C 41 41 43 47 54 54 2C 59 47 47 43 43 52 2C 52 41 41 54 54 59 2C 43 54 47 41 41 47 2C 43 54 54 43 41 47 2C 43 41 43 47 54 47 2C 47 52 43 47 59 43 2C 41 47 43 47 43 54 2C 43 54 54 41 41 47 2C 41 43 52 59 47 54 2C 41 43 43 47 47 54 2C 41 43 54 41 47 54 2C 43 41 43 47 54 43 2C 47 41 43 47 54 47 2C 47 57 47 43 57 43 2C 47 54 47 43 41 43 2C 43 59 43 47 52 47 2C 47 47 47 43 43 43 2C 41 54 54 41 41 54 2C 43 43 54 41 47 47 2C 54 54 43 47 41 41 2C 47 43 54 41 47 43 2C 47 4B 47 43 4D 43 2C 54 47 47 43 43 41 2C 47 47 41 54 43 43 2C 47 52 47 43 59 43 2C 41 54 43 47 41 54 2C 43 41 43 47 41 47 2C 43 54 43 47 54 47 2C 47 47 43 47 43 43 2C 47 41 41 47 41 43 2C 47 54 43 54 54 43 2C 47 43 41 54 47 43 2C 47 54 41 54 43 43 2C 47 47 41 54 41 43 2C 54 47 41 54 43 41 2C 41 43 54 47 47 47 2C 43 43 43 41 47 54 2C 43 54 52 59 41 47 2C 52 47 43 47 43 59 2C 41 47 41 54 43 54 2C 47 47 4E 4E 43 43 2C 43 54 47 47 41 47 2C 43 54 43 43 41 47 2C 43 54 54 47 41 47 2C 43 54 43 41 41 47 2C 43 47 41 54 43 47 2C 47 47 54 43 54 43 2C 47 41 47 41 43 43 2C 59 41 43 47 54 52 2C 43 43 4E 4E 47 47 2C 47 41 41 54 47 43 2C 47 43 41 54 54 43 2C 57 43 43 47 47 57 2C 47 43 41 41 54 47 2C 43 41 54 54 47 43 2C 52 43 43 47 47 59 2C 47 43 47 43 47 43 2C 47 41 47 47 41 47 2C 43 54 43 43 54 43 2C 43 47 47 43 43 47 2C 43 43 43 41 47 43 2C 47 43 54 47 47 47 2C 47 54 47 43 41 47 2C 43 54 47 43 41 43 2C 43 47 52 59 43 47 2C 43 47 54 41 43 47 2C 43 47 54 43 54 43 2C 47 41 47 41 43 47 2C 43 43 41 54 47 47 2C 54 43 47 43 47 41 2C 47 44 47 43 48 43 2C 54 47 54 41 43 41 2C 54 43 41 54 47 41 2C 41 43 41 54 47 54 2C 47 54 41 54 41 43 2C 43 43 57 57 47 47 2C 43 54 43 54 54 43 2C 47 41 41 47 41 47 2C 47 43 4E 4E 47 43 2C 43 43 52 59 47 47 2C 47 54 54 41 41 43 2C 52 43 41 54 47 59 2C 54 41 43 47 54 41 2C 52 47 41 54 43 59 2C 47 43 47 41 54 47 2C 43 41 54 43 47 43 2C 47 43 41 47 54 47 2C 43 41 43 54 47 43 2C 43 43 43 47 47 47 2C 43 43 47 43 47 47 2C 54 54 54 41 41 41 2C 47 47 43 47 47 41 2C 54 43 43 47 43 43 2C 47 41 47 43 54 43 2C 47 41 54 41 54 43 2C 43 54 47 52 41 47 2C 43 54 59 43 41 47 2C 43 41 47 43 41 47 2C 43 54 47 43 54 47 2C 47 41 41 54 54 43 2C 41 54 47 43 41 54 2C 43 41 54 41 54 47 2C 47 54 59 52 41 43 2C 41 41 47 43 54 54 2C 47 54 4E 4E 41 43 2C 54 43 4E 4E 47 41 2C 43 41 41 54 54 47 2C 41 43 47 43 47 54 2C 54 43 43 52 41 43 2C 47 54 59 47 47 41 2C 47 43 43 47 47 43 2C 43 4D 47 43 4B 47 2C 47 43 43 47 41 47 2C 43 54 43 47 47 43 2C 43 54 43 47 41 47 2C 43 54 47 43 41 47 2C 43 41 47 43 54 47 2C 47 54 43 47 41 43 2C 43 54 59 52 41 47 2C 41 41 54 41 54 54 2C 47 41 54 43 47 41 2C 54 43 47 41 54 43 2C 47 41 43 43 47 41 2C 43 41 43 43 43 41 2C 54 43 47 47 54 43 2C 54 47 47 47 54 47 2C 57 47 54 41 43 57 2C 54 41 52 43 43 41 2C 54 47 47 59 54 41 2C 54 43 54 41 47 41 2C 47 47 41 54 43 2C 47 41 54 43 43 2C 43 43 57 47 47 2C 47 54 43 54 43 2C 47 41 47 41 43 2C 47 43 57 47 43 2C 47 47 4E 43 43 2C 43 43 53 47 47 2C 47 47 54 47 41 2C 54 43 41 43 43 2C 47 47 57 43 43 2C 47 43 41 47 43 2C 47 43 54 47 43 2C 43 43 41 54 43 2C 47 41 54 47 47 2C 41 43 47 47 43 2C 47 43 43 47 54 2C 47 43 4E 47 43 2C 43 43 4E 47 47 2C 47 43 41 54 43 2C 47 41 54 47 43 2C 41 43 54 47 47 2C 43 43 41 47 54 2C 47 47 41 54 47 2C 43 41 54 43 43 2C 43 54 43 41 47 2C 43 54 47 41 47 2C 47 47 47 41 43 2C 47 54 43 43 43 2C 41 43 4E 47 54 2C 43 54 4E 41 47 2C 43 41 47 54 47 2C 43 41 43 54 47 2C 47 41 43 47 43 2C 47 43 47 54 43 2C 43 43 43 47 43 2C 47 43 47 47 47 2C 47 41 4E 54 43 2C 43 47 57 43 47 2C 54 43 4E 47 41 2C 43 43 54 54 43 2C 47 41 41 47 47 2C 47 54 4E 41 43 2C 47 41 41 47 41 2C 54 43 54 54 43 2C 47 41 47 54 43 2C 47 41 43 54 43 2C 47 54 53 41 43 2C 47 41 57 54 43 2C 47 43 53 47 43 2C 43 41 53 54 47 2C 41 54 47 41 41 2C 54 54 43 41 54 2C 41 43 47 47 41 2C 54 43 43 47 54 2C 43 47 43 47 2C 43 43 47 43 2C 47 43 47 47 2C 47 54 41 43 2C 41 47 43 54 2C 47 43 47 43 2C 43 54 41 47 2C 47 41 54 43 2C 47 47 43 43 2C 43 43 47 47 2C 43 41 54 47 2C 52 47 43 59 2C 59 41 54 52 2C 41 43 47 54 2C 54 47 43 41 2C 41 41 54 54 2C 43 43 54 43 2C 47 41 47 47 2C 54 54 41 41 2C 41 53 53 54 2C 54 43 47 41 00 00 00 00 00 00 00 00 00 00 00 00 00 00 00 00 00 00 00 00 00 00 00 00 00 00 00 00 00 00 00 00 00 00 00 00 00 00 00 00 00 00 00 00 00 00 00 00 00 00 00 00 00 00 00 00 00 00 00 00 00 00 00 00 00 00 00 00 00 00 00 00 00 00 00 00 00 00 00 00 00 00 00 00 00 00 00 00 00 00 00 00 00 00 00 00 00 00 00 00 00 00 00 00 00 00 00 00 00 00 00 00 00 00 00 00 00 00 00 00 00 00 00 00 00 00 00 00 00 00 00 00 00 00 00 00 00 00 00 00 00 00 00 00 00 00 00 00 00 00 00 00 00 00 00 00 00 00 00 01 00 00 00 00 00 00 00 00 00 00 00 00 00 00 00 00 00 00 00 00 00 00 00 00 00 00 00 00 00 00 00 00 00 00 00 00 00 00 00 00 00 00 00 00 00 00 00 00 00 00 00 00 00 00 00 00 00 00 00 00 00 00 00 00 00 00 00 00 00 00 00 00 00 00 00 00 00 00 00 00 00 00 00 00 00 00 00 00 00 00 00 00 00 00 00 00 00 00 00 00 00 00 00 00 00 00 00 00 00 00 00 00 00 00 00 00 00 00 00 00 00 00 00 00 00 00 00 00 00 00 00 00 00 00 00 00 00 00 00 00 00 00 00 00 00 00 00 00 00 00 00 00 00 00 00 00 00 00 00 00 00 00 00 00 00 00 00 00 00 00 00 00 00 00 00 00 00 00 00 00 00 00 00 00 00 00 00 00 00 00 00 00 00 00 00 00 00 00 00 00 00 00 00 00 00 00 00 00 00 00 00 00 00 00 00 00 00 00 00 00 00 00 00 00 00 00 00 00 00 00 00 00 00 00 00 00 00 00 00 00 00 00 00 00 00 00 00 00 00 00 00 00 00 00 00 00 00 00 00 00 00 00 00 00 00 00 00 00 00 00 00 00 00 00 00 00 00 00 00 00 00 00 00 00 00 00 00 00 00 00 00 00 00 00 00 00 00 00 00 00 00 00 00 00 00 00 00 00 00 00 00 00 00 00 00 00 00 00 00 00 00 00 00 00 00 00 00 00 00 00 00 00 00 00 00 00 00 00 00 00 00 00 00 00 00 00 00 00 00 00 00 00 00 00 00 00 00 00 00 00 00 00 00 00 00 00 00 00 00 00 00 00 00 00 00 00 00 00 00 00 00 00 00 00 00 00 00 00 00 00 00 00 00 00 00 00 00 00 00 00 00 00 00 00 00 00 00 00 00 00 00 00 00 00 00 00 00 00 00 00 00 00 00 00 00 00 00 00 00 00 00 00 00 00 00 00 00 00 00 00 00 00 00 00 00 00 00 00 00 00 00 00 00 00 00 00 00 00 00 00 00 00 00 00 00 00 00 00 00 00 00 00 00 00 00 00 00 00 00 00 00 00 00 00 00 00 00 00 00 00 00 00 00 00 00 00 00 00 00 00 00 00 00 00 00 00 00 00 00 00 00 00 00 00 00 00 00 00 00 00 00 00 00 00 00 00 00 00 00 00 00 00 00 00 00 00 00 00 00 00 00 00 00 00 00 00 00 00 00 00 00 00 00 00 00 00 00 00 00 00 00 00 00 00 00 00 00 00 00 00 00 00 00 00 00 00 00 00 00 00 00 00 00 00 00 00 00 00 00 00 00 00 00 00 00 00 00 00 00 00 00 00 00 00 00 00 00 00 00 00 00 00 00 00 00 00 00 00 00 00 00 00 00 00 00 00 00 00 00 00 00 00 00 00 00 00 00 00 00 00 00 00 00 00 00 00 00 00 00 00 00 00 00 00 00 00 00 00 00 00 00 00 00 00 00 00 00 00 00 00 00 00 00 00 00 00 00 00 00 00 00 00 00 00 00 00 00 00 00 00 00 00 00 00 00 00 00 00 00 00 00 00 00 00 00 00 00 00 00 00 00 00 00 00 00 00 00 00 00 00 00 00 00 00 00 00 00 00 00 00 00 00 00 00 00 00 00 00 00 00 00 00 00 00 00 00 00 00 00 00 00 00 00 00 00 00 00 00 00 00 00 00 00 00 00 00 00 00 00 00 00 00 00 00 00 00 00 00 00 00 00 00 00 00 00 00 00 00 00 00 00 00 00 00 00 00 00 00 00 00 00 00 00 00 00 00 00 00 00 00 00 00 00 00 00 00 00 00 00 00 00 00 00 00 00 00 00 00 00 00 00 00 00 00 00 00 00 00 00 00 00 00 00 00 00 00 00 00 00 00 00 00 00 00 00 00 00 00 00 00 00 00 00 00 00 00 00 00 00 00 00 00 00 00 00 00 00 00 00 00 00 00 00 00 00 00 00 00 00 00 00 00 00 00 00 00 00 00 00 00 00 00 00 00 00 00 00 00 00 00 00 00 00 00 00 00 00 00 00 00 00 00 00 00 00 00 00 00 00 00 00 00 00 00 00 00 00 00 00 00 00 00 00 00 00 00 00 00 00 00 00 00 00 00 00 00 00 00 00 00 00 00 00 00 00 00 00 00 00 00 00 00 00 00 00 00 00 00 00 00 00 00 00 00 00 00 00 00 00 00 00 00 00 00 00 00 00 00 00 00 00 00 00 00 00 00 00 00 00 00 00 01 00 00 00 00 00 00 00 00 00 00 00 00 00 00 00 00 00 00 00 00 00 00 00 00 00 00 00 00 00 00 00 00 00 00 00 00 00 00 00 00 00 00 00 00 00 00 00 00 00 00 00 00 00 00 00 00 00 00 00 00 00 00 00 00 00 00 00 00 00 00 00 00 00 00 00 00 00 00 00 00 00 00 00 00 00 00 00 00 00 00 00 00 00 00 00 00 00 00 00 00 00 00 00 00 00 00 00 00 00 00 00 00 00 00 00 00 00 00 00 00 00 00 00 00 00 00 00 00 00 00 00 00 00 00 00 00 00 00 00 00 00 00 00 01 00 00 00 00 00 00 00 00 00 00 00 00 00 00 00 00 00 00 00 00 00 00 00 00 00 00 00 00 00 00 00 00 00 00 00 00 00 00 00 00 00 00 00 00 00 00 00 00 00 00 00 00 00 00 00 00 00 00 00 00 00 00 00 00 00 00 00 00 00 00 00 00 00 00 00 00 00 00 00 00 00 00 00 00 00 00 00 00 00 00 00 00 00 00 00 00 00 00 00 00 00 00 00 00 00 00 00 00 00 00 00 00 00 00 00 00 00 00 00 00 00 00 00 00 00 00 00 00 00 00 00 00 00 00 00 00 00 00 00 00 00 00 00 00 00 00 00 00 00 00 00 00 00 00 00 00 00 00 00 00 00 00 00 00 00 00 00 00 00 00 00 00 00 00 00 00 00 00 00 00 00 00 00 00 00 00 00 00 00 00 00 00 00 00 00 00 00 00 00 00 00 00 00 00 00 00 00 00 00 00 00 00 00 00 00 00 00 00 00 00 00 00 00 00 00 00 00 00 00 00 00 00 00 00 00 00 00 00 00 00 00 00 00 00 00 00 00 00 00 00 00 00 00 00 00 00 00 00 00 00 00 00 00 00 00 00 00 00 00 00 00 00 00 00 00 00 00 00 00 00 00 00 00 00 00 00 00 00 00 00 00 00 00 00 00 00 00 00 00 00 00 00 00 00 00 00 00 00 00 00 00 00 00 00 00 00 00 00 00 00 00 00 00 00 00 00 00 00 00 00 00 00 00 00 00 00 00 00 00 00 00 00 00 00 00 00 00 00 00 00 00 00 00 00 00 00 00 00 00 00 00 00 00 00 00 00 00 00 00 00 00 00 00 00 00 00 00 00 00 00 00 00 00 00 00 00 00 00 00 00 00 00 00 00 00 00 00 00 00 00 00 00 00 00 00 00 00 00 00 00 00 00 00 00 00 00 00 00 00 00 00 00 00 00 00 00 00 00 00 00 00 02 00 00 00 00 00 00 00 00 00 00 00 00 00 00 00 00 00 00 00 00 00 00 00 00 00 00 00 00 00 00 00 00 00 00 00 00 00 00 00 00 00 00 00 00 00 00 00 00 00 00 00 00 00 00 00 00 00 00 00 01 00 00 00 00 00 00 00 00 00 00 00 00 00 00 00 00 00 00 00 00 00 00 00 00 00 00 00 01 00 00 00 00 00 00 00 01 00 00 00 01 00 00 00 00 00 00 00 00 00 00 00 00 00 00 00 00 00 00 00 00 00 00 00 01 00 00 00 00 00 00 00 00 00 00 00 00 00 00 00 00 00 00 00 00 00 00 00 00 00 00 00 00 00 00 00 00 00 00 00 00 00 00 00 00 00 00 00 00 00 00 00 00 00 00 00 00 00 00 00 00 00 00 00 00 00 00 00 00 00 00 00 00 00 00 00 00 00 00 00 00 00 00 00 00 00 00 00 01 00 00 00 00 00 00 00 00 00 00 00 00 00 00 00 00 00 00 00 00 00 00 00 00 00 00 00 00 00 00 00 00 00 00 00 00 00 00 00 00 00 00 00 00 00 00 00 00 00 00 00 00 00 00 00 00 00 00 00 00 00 00 00 00 00 00 00 00 00 00 00 00 00 00 00 00 00 00 00 00 00 00 00 00 00 00 00 00 00 00 00 00 00 00 00 00 00 00 00 00 00 00 00 00 00 00 00 00 00 00 00 00 00 00 00 00 00 00 00 00 00 00 00 00 00 00 00 00 00 00 00 00 00 00 00 00 00 00 00 00 00 00 00 00 00 00 00 00 00 00 00 00 00 00 00 00 00 00 00 00 00 00 00 00 00 00 00 00 00 00 00 00 00 00 00 00 00 00 00 00 00 00 00 00 00 00 00 00 00 00 00 00 00 00 00 00 00 00 00 00 00 00 00 00 00 00 00 00 00 00 00 00 00 00 00 00 00 00 00 00 00 00 00 00 00 00 00 00 00 00 00 00 00 00 00 00 00 00 00 00 00 00 00 00 00 00 00 00 00 00 00 00 00 00 00 00 00 00 00 00 00 00 00 00 00 00 00 00 00 00 00 00 00 00 00 00 00 00 00 00 00 00 00 00 00 00 00 00 00 00 00 00 00 00 00 00 00 00 00 00 00 00 00 00 00 00 00 00 00 00 00 00 00 00 00 00 00 00 00 00 00 00 00 00 00 00 00 00 00 00 00 00 00 00 00 00 00 00 00 00 00 00 00 00 00 00 00 00 00 00 00 00 00 00 00 00 00 00 00 00 00 00 00 00 00 00 00 00 00 00 00 00 00 00 00 00 00 00 00 00 00 00 00 00 00 00 00 00 00 00 00 00 00 00 00 00 00 00 00 00 00 00 00 00 00 00 00 00 00 00 00 00 00 00 00 00 00 00 00 00 00 00 00 00 00 00 00 00 00 00 00 00 00 00 00 00 00 00 00 00 00 00 00 00 00 00 00 00 00 00 00 00 00 00 00 00 00 00 00 00 00 00 00 00 00 00 00 00 00 00 00 00 00 00 00 00 00 00 00 00 00 00 00 00 00 00 00 00 00 00 00 00 00 00 00 00 00 00 00 00 00 00 00 00 00 01 00 00 00 00 00 00 00 00 00 00 00 00 00 00 00 00 00 00 00 00 00 00 00 00 00 00 00 00 00 00 00 00 00 00 00 00 00 00 00 00 00 00 00 00 00 00 00 00 00 00 00 00 00 00 00 00 00 00 00 00 00 00 00 00 00 00 00 00 00 00 00 01 00 00 00 00 00 00 00 00 00 00 00 00 00 00 00 00 00 00 00 00 00 00 00 00 00 00 00 00 00 00 00 00 00 00 00 00 00 00 00 00 00 00 00 00 00 00 00 00 00 00 00 00 00 00 00 00 00 00 00 00 00 00 00 00 00 00 00 00 00 00 00 00 00 00 00 00 00 00 00 00 00 00 00 00 00 00 00 00 00 00 00 00 00 00 00 00 00 00 00 00 00 00 00 00 00 00 00 00 00 00 00 00 00 00 00 00 00 00 00 00 00 00 00 00 00 00 00 00 00 00 00 00 00 00 00 00 00 00 00 00 00 00 00 00 00 00 00 00 00 00 00 00 00 00 00 00 00 00 00 00 00 00 00 00 00 00 00 00 00 00 00 00 00 00 00 00 00 00 00 00 00 00 00 00 00 00 00 00 00 00 00 00 00 00 00 00 00 00 00 00 00 00 00 00 00 00 00 00 00 00 00 00 00 00 00 02 00 00 00 00 00 00 00 00 00 00 00 00 00 00 00 00 00 00 00 00 00 00 00 00 00 00 00 00 00 01 00 00 00 00 00 00 00 00 00 00 00 00 00 01 00 00 00 01 00 01 00 00 00 00 00 00 00 00 00 00 00 01 00 00 00 00 24 01 00 00 24 03 00 00 24 03 00 00 24 03 00 00 24 07 00 00 24 0B 00 00 24 15 09 00 0C 00 11 00 09 00 0C 00 12 00 03 00 03 00 10 00 10 00

0B 
00 00 05 74
00 00 00 02 01 00 00 00 21 00 00 00 1A 02 00 00 00 01 00 00 00 01 01 00 00 00 1A 57 60 C5 14 72 71 0F 00 00 00 19 00 00 00 19 08 00 00 01 07 3C 41 64 64 69 74 69 6F 6E 61 6C 53 65 71 75 65 6E 63 65 50 72 6F 70 65 72 74 69 65 73 3E 3C 55 70 73 74 72 65 61 6D 53 74 69 63 6B 69 6E 65 73 73 3E 30 3C 2F 55 70 73 74 72 65 61 6D 53 74 69 63 6B 69 6E 65 73 73 3E 3C 44 6F 77 6E 73 74 72 65 61 6D 53 74 69 63 6B 69 6E 65 73 73 3E 30 3C 2F 44 6F 77 6E 73 74 72 65 61 6D 53 74 69 63 6B 69 6E 65 73 73 3E 3C 55 70 73 74 72 65 61 6D 4D 6F 64 69 66 69 63 61 74 69 6F 6E 3E 55 6E 6D 6F 64 69 66 69 65 64 3C 2F 55 70 73 74 72 65 61 6D 4D 6F 64 69 66 69 63 61 74 69 6F 6E 3E 3C 44 6F 77 6E 73 74 72 65 61 6D 4D 6F 64 69 66 69 63 61 74 69 6F 6E 3E 55 6E 6D 6F 64 69 66 69 65 64 3C 2F 44 6F 77 6E 73 74 72 65 61 6D 4D 6F 64 69 66 69 63 61 74 69 6F 6E 3E 3C 2F 41 64 64 69 74 69 6F 6E 61 6C 53 65 71 75 65 6E 63 65 50 72 6F 70 65 72 74 69 65 73 3E 0A 00 00 02 BD 3C 3F 78 6D 6C 20 76 65 72 73 69 6F 6E 3D 22 31 2E 30 22 3F 3E 3C 46 65 61 74 75 72 65 73 20 6E 65 78 74 56 61 6C 69 64 49 44 3D 22 33 22 3E 3C 46 65 61 74 75 72 65 20 72 65 63 65 6E 74 49 44 3D 22 32 22 20 6E 61 6D 65 3D 22 45 78 31 20 6C 65 66 74 20 67 75 69 64 65 22 20 64 69 72 65 63 74 69 6F 6E 61 6C 69 74 79 3D 22 32 22 20 74 79 70 65 3D 22 6D 69 73 63 5F 66 65 61 74 75 72 65 22 20 73 77 61 70 70 65 64 53 65 67 6D 65 6E 74 4E 75 6D 62 65 72 69 6E 67 3D 22 31 22 20 61 6C 6C 6F 77 53 65 67 6D 65 6E 74 4F 76 65 72 6C 61 70 73 3D 22 30 22 20 72 65 61 64 69 6E 67 46 72 61 6D 65 3D 22 2D 31 22 20 63 6F 6E 73 65 63 75 74 69 76 65 54 72 61 6E 73 6C 61 74 69 6F 6E 4E 75 6D 62 65 72 69 6E 67 3D 22 31 22 3E 3C 53 65 67 6D 65 6E 74 20 72 61 6E 67 65 3D 22 35 2D 32 35 22 20 63 6F 6C 6F 72 3D 22 23 66 66 66 66 30 30 22 20 74 79 70 65 3D 22 73 74 61 6E 64 61 72 64 22 2F 3E 3C 2F 46 65 61 74 75 72 65 3E 3C 46 65 61 74 75 72 65 20 72 65 63 65 6E 74 49 44 3D 22 31 22 20 6E 61 6D 65 3D 22 53 74 61 72 74 22 20 74 79 70 65 3D 22 6D 69 73 63 5F 66 65 61 74 75 72 65 22 20 61 6C 6C 6F 77 53 65 67 6D 65 6E 74 4F 76 65 72 6C 61 70 73 3D 22 30 22 20 63 6F 6E 73 65 63 75 74 69 76 65 54 72 61 6E 73 6C 61 74 69 6F 6E 4E 75 6D 62 65 72 69 6E 67 3D 22 31 22 3E 3C 53 65 67 6D 65 6E 74 20 72 61 6E 67 65 3D 22 35 2D 37 22 20 63 6F 6C 6F 72 3D 22 23 66 66 30 30 30 30 22 20 74 79 70 65 3D 22 73 74 61 6E 64 61 72 64 22 2F 3E 3C 2F 46 65 61 74 75 72 65 3E 3C 46 65 61 74 75 72 65 20 72 65 63 65 6E 74 49 44 3D 22 30 22 20 6E 61 6D 65 3D 22 45 78 31 22 20 64 69 72 65 63 74 69 6F 6E 61 6C 69 74 79 3D 22 31 22 20 74 79 70 65 3D 22 65 78 6F 6E 22 20 61 6C 6C 6F 77 53 65 67 6D 65 6E 74 4F 76 65 72 6C 61 70 73 3D 22 30 22 20 72 65 61 64 69 6E 67 46 72 61 6D 65 3D 22 33 22 20 63 6F 6E 73 65 63 75 74 69 76 65 54 72 61 6E 73 6C 61 74 69 6F 6E 4E 75 6D 62 65 72 69 6E 67 3D 22 30 22 3E 3C 53 65 67 6D 65 6E 74 20 72 61 6E 67 65 3D 22 35 2D 32 35 22 20 63 6F 6C 6F 72 3D 22 23 37 30 38 30 39 30 22 20 74 79 70 65 3D 22 73 74 61 6E 64 61 72 64 22 2F 3E 3C 2F 46 65 61 74 75 72 65 3E 3C 2F 46 65 61 74 75 72 65 73 3E 0A 05 00 00 00 97 3C 3F 78 6D 6C 20 76 65 72 73 69 6F 6E 3D 22 31 2E 30 22 3F 3E 3C 50 72 69 6D 65 72 73 20 6E 65 78 74 56 61 6C 69 64 49 44 3D 22 30 22 3E 3C 48 79 62 72 69 64 69 7A 61 74 69 6F 6E 50 61 72 61 6D 73 20 6D 69 6E 43 6F 6E 74 69 6E 75 6F 75 73 4D 61 74 63 68 4C 65 6E 3D 22 31 30 22 20 61 6C 6C 6F 77 4D 69 73 6D 61 74 63 68 3D 22 31 22 20 6D 69 6E 4D 65 6C 74 69 6E 67 54 65 6D 70 65 72 61 74 75 72 65 3D 22 34 30 22 2F 3E 3C 2F 50 72 69 6D 65 72 73 3E 0A 06 00 00 00 DB 3C 4E 6F 74 65 73 3E 0A 3C 54 79 70 65 3E 4E 61 74 75 72 61 6C 3C 2F 54 79 70 65 3E 0A 3C 43 72 65 61 74 65 64 3E 32 30 31 36 2E 38 2E 39 3C 2F 43 72 65 61 74 65 64 3E 0A 3C 4C 61 73 74 4D 6F 64 69 66 69 65 64 3E 32 30 31 36 2E 38 2E 39 3C 2F 4C 61 73 74 4D 6F 64 69 66 69 65 64 3E 0A 3C 43 72 65 61 74 65 64 42 79 3E 47 65 6E 74 61 20 49 74 6F 3C 2F 43 72 65 61 74 65 64 42 79 3E 0A 3C 53 65 71 75 65 6E 63 65 43 6C 61 73 73 3E 55 4E 41 3C 2F 53 65 71 75 65 6E 63 65 43 6C 61 73 73 3E 0A 3C 54 72 61 6E 73 66 6F 72 6D 65 64 49 6E 74 6F 3E 75 6E 73 70 65 63 69 66 69 65 64 3C 2F 54 72 61 6E 73 66 6F 72 6D 65 64 49 6E 74 6F 3E 0A 3C 2F 4E 6F 74 65 73 3E 0A

0B 
00 00 05 6C
00 00 00 01 01 00 00 00 19 00 00 00 19 02 00 00 00 01 00 00 00 00 01 00 00 00 19 57 60 C5 14 72 71 03 08 00 00 01 07 3C 41 64 64 69 74 69 6F 6E 61 6C 53 65 71 75 65 6E 63 65 50 72 6F 70 65 72 74 69 65 73 3E 3C 55 70 73 74 72 65 61 6D 53 74 69 63 6B 69 6E 65 73 73 3E 30 3C 2F 55 70 73 74 72 65 61 6D 53 74 69 63 6B 69 6E 65 73 73 3E 3C 44 6F 77 6E 73 74 72 65 61 6D 53 74 69 63 6B 69 6E 65 73 73 3E 30 3C 2F 44 6F 77 6E 73 74 72 65 61 6D 53 74 69 63 6B 69 6E 65 73 73 3E 3C 55 70 73 74 72 65 61 6D 4D 6F 64 69 66 69 63 61 74 69 6F 6E 3E 55 6E 6D 6F 64 69 66 69 65 64 3C 2F 55 70 73 74 72 65 61 6D 4D 6F 64 69 66 69 63 61 74 69 6F 6E 3E 3C 44 6F 77 6E 73 74 72 65 61 6D 4D 6F 64 69 66 69 63 61 74 69 6F 6E 3E 55 6E 6D 6F 64 69 66 69 65 64 3C 2F 44 6F 77 6E 73 74 72 65 61 6D 4D 6F 64 69 66 69 63 61 74 69 6F 6E 3E 3C 2F 41 64 64 69 74 69 6F 6E 61 6C 53 65 71 75 65 6E 63 65 50 72 6F 70 65 72 74 69 65 73 3E 0A 00 00 02 BD 3C 3F 78 6D 6C 20 76 65 72 73 69 6F 6E 3D 22 31 2E 30 22 3F 3E 3C 46 65 61 74 75 72 65 73 20 6E 65 78 74 56 61 6C 69 64 49 44 3D 22 33 22 3E 3C 46 65 61 74 75 72 65 20 72 65 63 65 6E 74 49 44 3D 22 32 22 20 6E 61 6D 65 3D 22 45 78 31 20 6C 65 66 74 20 67 75 69 64 65 22 20 64 69 72 65 63 74 69 6F 6E 61 6C 69 74 79 3D 22 32 22 20 74 79 70 65 3D 22 6D 69 73 63 5F 66 65 61 74 75 72 65 22 20 73 77 61 70 70 65 64 53 65 67 6D 65 6E 74 4E 75 6D 62 65 72 69 6E 67 3D 22 31 22 20 61 6C 6C 6F 77 53 65 67 6D 65 6E 74 4F 76 65 72 6C 61 70 73 3D 22 30 22 20 72 65 61 64 69 6E 67 46 72 61 6D 65 3D 22 2D 31 22 20 63 6F 6E 73 65 63 75 74 69 76 65 54 72 61 6E 73 6C 61 74 69 6F 6E 4E 75 6D 62 65 72 69 6E 67 3D 22 31 22 3E 3C 53 65 67 6D 65 6E 74 20 72 61 6E 67 65 3D 22 35 2D 32 35 22 20 63 6F 6C 6F 72 3D 22 23 66 66 66 66 30 30 22 20 74 79 70 65 3D 22 73 74 61 6E 64 61 72 64 22 2F 3E 3C 2F 46 65 61 74 75 72 65 3E 3C 46 65 61 74 75 72 65 20 72 65 63 65 6E 74 49 44 3D 22 31 22 20 6E 61 6D 65 3D 22 53 74 61 72 74 22 20 74 79 70 65 3D 22 6D 69 73 63 5F 66 65 61 74 75 72 65 22 20 61 6C 6C 6F 77 53 65 67 6D 65 6E 74 4F 76 65 72 6C 61 70 73 3D 22 30 22 20 63 6F 6E 73 65 63 75 74 69 76 65 54 72 61 6E 73 6C 61 74 69 6F 6E 4E 75 6D 62 65 72 69 6E 67 3D 22 31 22 3E 3C 53 65 67 6D 65 6E 74 20 72 61 6E 67 65 3D 22 35 2D 37 22 20 63 6F 6C 6F 72 3D 22 23 66 66 30 30 30 30 22 20 74 79 70 65 3D 22 73 74 61 6E 64 61 72 64 22 2F 3E 3C 2F 46 65 61 74 75 72 65 3E 3C 46 65 61 74 75 72 65 20 72 65 63 65 6E 74 49 44 3D 22 30 22 20 6E 61 6D 65 3D 22 45 78 31 22 20 64 69 72 65 63 74 69 6F 6E 61 6C 69 74 79 3D 22 31 22 20 74 79 70 65 3D 22 65 78 6F 6E 22 20 61 6C 6C 6F 77 53 65 67 6D 65 6E 74 4F 76 65 72 6C 61 70 73 3D 22 30 22 20 72 65 61 64 69 6E 67 46 72 61 6D 65 3D 22 33 22 20 63 6F 6E 73 65 63 75 74 69 76 65 54 72 61 6E 73 6C 61 74 69 6F 6E 4E 75 6D 62 65 72 69 6E 67 3D 22 30 22 3E 3C 53 65 67 6D 65 6E 74 20 72 61 6E 67 65 3D 22 35 2D 32 35 22 20 63 6F 6C 6F 72 3D 22 23 37 30 38 30 39 30 22 20 74 79 70 65 3D 22 73 74 61 6E 64 61 72 64 22 2F 3E 3C 2F 46 65 61 74 75 72 65 3E 3C 2F 46 65 61 74 75 72 65 73 3E 0A 05 00 00 00 97 3C 3F 78 6D 6C 20 76 65 72 73 69 6F 6E 3D 22 31 2E 30 22 3F 3E 3C 50 72 69 6D 65 72 73 20 6E 65 78 74 56 61 6C 69 64 49 44 3D 22 30 22 3E 3C 48 79 62 72 69 64 69 7A 61 74 69 6F 6E 50 61 72 61 6D 73 20 6D 69 6E 43 6F 6E 74 69 6E 75 6F 75 73 4D 61 74 63 68 4C 65 6E 3D 22 31 30 22 20 61 6C 6C 6F 77 4D 69 73 6D 61 74 63 68 3D 22 31 22 20 6D 69 6E 4D 65 6C 74 69 6E 67 54 65 6D 70 65 72 61 74 75 72 65 3D 22 34 30 22 2F 3E 3C 2F 50 72 69 6D 65 72 73 3E 0A 06 00 00 00 DB 3C 4E 6F 74 65 73 3E 0A 3C 54 79 70 65 3E 4E 61 74 75 72 61 6C 3C 2F 54 79 70 65 3E 0A 3C 43 72 65 61 74 65 64 3E 32 30 31 36 2E 38 2E 39 3C 2F 43 72 65 61 74 65 64 3E 0A 3C 4C 61 73 74 4D 6F 64 69 66 69 65 64 3E 32 30 31 36 2E 38 2E 39 3C 2F 4C 61 73 74 4D 6F 64 69 66 69 65 64 3E 0A 3C 43 72 65 61 74 65 64 42 79 3E 47 65 6E 74 61 20 49 74 6F 3C 2F 43 72 65 61 74 65 64 42 79 3E 0A 3C 53 65 71 75 65 6E 63 65 43 6C 61 73 73 3E 55 4E 41 3C 2F 53 65 71 75 65 6E 63 65 43 6C 61 73 73 3E 0A 3C 54 72 61 6E 73 66 6F 72 6D 65 64 49 6E 74 6F 3E 75 6E 73 70 65 63 69 66 69 65 64 3C 2F 54 72 61 6E 73 66 6F 72 6D 65 64 49 6E 74 6F 3E 0A 3C 2F 4E 6F 74 65 73 3E 0A

0B 
00 00 05 6B
00 00 00 00 01 00 00 00 18 00 00 00 15 02 00 00 00 01 00 00 00 00 01 00 00 00 15 60 C5 14 72 71 03 08 00 00 01 07 3C 41 64 64 69 74 69 6F 6E 61 6C 53 65 71 75 65 6E 63 65 50 72 6F 70 65 72 74 69 65 73 3E 3C 55 70 73 74 72 65 61 6D 53 74 69 63 6B 69 6E 65 73 73 3E 30 3C 2F 55 70 73 74 72 65 61 6D 53 74 69 63 6B 69 6E 65 73 73 3E 3C 44 6F 77 6E 73 74 72 65 61 6D 53 74 69 63 6B 69 6E 65 73 73 3E 30 3C 2F 44 6F 77 6E 73 74 72 65 61 6D 53 74 69 63 6B 69 6E 65 73 73 3E 3C 55 70 73 74 72 65 61 6D 4D 6F 64 69 66 69 63 61 74 69 6F 6E 3E 55 6E 6D 6F 64 69 66 69 65 64 3C 2F 55 70 73 74 72 65 61 6D 4D 6F 64 69 66 69 63 61 74 69 6F 6E 3E 3C 44 6F 77 6E 73 74 72 65 61 6D 4D 6F 64 69 66 69 63 61 74 69 6F 6E 3E 55 6E 6D 6F 64 69 66 69 65 64 3C 2F 44 6F 77 6E 73 74 72 65 61 6D 4D 6F 64 69 66 69 63 61 74 69 6F 6E 3E 3C 2F 41 64 64 69 74 69 6F 6E 61 6C 53 65 71 75 65 6E 63 65 50 72 6F 70 65 72 74 69 65 73 3E 0A 00 00 02 BD 3C 3F 78 6D 6C 20 76 65 72 73 69 6F 6E 3D 22 31 2E 30 22 3F 3E 3C 46 65 61 74 75 72 65 73 20 6E 65 78 74 56 61 6C 69 64 49 44 3D 22 33 22 3E 3C 46 65 61 74 75 72 65 20 72 65 63 65 6E 74 49 44 3D 22 32 22 20 6E 61 6D 65 3D 22 45 78 31 20 6C 65 66 74 20 67 75 69 64 65 22 20 64 69 72 65 63 74 69 6F 6E 61 6C 69 74 79 3D 22 32 22 20 74 79 70 65 3D 22 6D 69 73 63 5F 66 65 61 74 75 72 65 22 20 73 77 61 70 70 65 64 53 65 67 6D 65 6E 74 4E 75 6D 62 65 72 69 6E 67 3D 22 31 22 20 61 6C 6C 6F 77 53 65 67 6D 65 6E 74 4F 76 65 72 6C 61 70 73 3D 22 30 22 20 72 65 61 64 69 6E 67 46 72 61 6D 65 3D 22 2D 31 22 20 63 6F 6E 73 65 63 75 74 69 76 65 54 72 61 6E 73 6C 61 74 69 6F 6E 4E 75 6D 62 65 72 69 6E 67 3D 22 31 22 3E 3C 53 65 67 6D 65 6E 74 20 72 61 6E 67 65 3D 22 31 2D 32 31 22 20 63 6F 6C 6F 72 3D 22 23 66 66 66 66 30 30 22 20 74 79 70 65 3D 22 73 74 61 6E 64 61 72 64 22 2F 3E 3C 2F 46 65 61 74 75 72 65 3E 3C 46 65 61 74 75 72 65 20 72 65 63 65 6E 74 49 44 3D 22 31 22 20 6E 61 6D 65 3D 22 53 74 61 72 74 22 20 74 79 70 65 3D 22 6D 69 73 63 5F 66 65 61 74 75 72 65 22 20 61 6C 6C 6F 77 53 65 67 6D 65 6E 74 4F 76 65 72 6C 61 70 73 3D 22 30 22 20 63 6F 6E 73 65 63 75 74 69 76 65 54 72 61 6E 73 6C 61 74 69 6F 6E 4E 75 6D 62 65 72 69 6E 67 3D 22 31 22 3E 3C 53 65 67 6D 65 6E 74 20 72 61 6E 67 65 3D 22 31 2D 33 22 20 63 6F 6C 6F 72 3D 22 23 66 66 30 30 30 30 22 20 74 79 70 65 3D 22 73 74 61 6E 64 61 72 64 22 2F 3E 3C 2F 46 65 61 74 75 72 65 3E 3C 46 65 61 74 75 72 65 20 72 65 63 65 6E 74 49 44 3D 22 30 22 20 6E 61 6D 65 3D 22 45 78 31 22 20 64 69 72 65 63 74 69 6F 6E 61 6C 69 74 79 3D 22 31 22 20 74 79 70 65 3D 22 65 78 6F 6E 22 20 61 6C 6C 6F 77 53 65 67 6D 65 6E 74 4F 76 65 72 6C 61 70 73 3D 22 30 22 20 72 65 61 64 69 6E 67 46 72 61 6D 65 3D 22 33 22 20 63 6F 6E 73 65 63 75 74 69 76 65 54 72 61 6E 73 6C 61 74 69 6F 6E 4E 75 6D 62 65 72 69 6E 67 3D 22 30 22 3E 3C 53 65 67 6D 65 6E 74 20 72 61 6E 67 65 3D 22 31 2D 32 31 22 20 63 6F 6C 6F 72 3D 22 23 37 30 38 30 39 30 22 20 74 79 70 65 3D 22 73 74 61 6E 64 61 72 64 22 2F 3E 3C 2F 46 65 61 74 75 72 65 3E 3C 2F 46 65 61 74 75 72 65 73 3E 0A 05 00 00 00 97 3C 3F 78 6D 6C 20 76 65 72 73 69 6F 6E 3D 22 31 2E 30 22 3F 3E 3C 50 72 69 6D 65 72 73 20 6E 65 78 74 56 61 6C 69 64 49 44 3D 22 30 22 3E 3C 48 79 62 72 69 64 69 7A 61 74 69 6F 6E 50 61 72 61 6D 73 20 6D 69 6E 43 6F 6E 74 69 6E 75 6F 75 73 4D 61 74 63 68 4C 65 6E 3D 22 31 30 22 20 61 6C 6C 6F 77 4D 69 73 6D 61 74 63 68 3D 22 31 22 20 6D 69 6E 4D 65 6C 74 69 6E 67 54 65 6D 70 65 72 61 74 75 72 65 3D 22 34 30 22 2F 3E 3C 2F 50 72 69 6D 65 72 73 3E 0A 06 00 00 00 DB 3C 4E 6F 74 65 73 3E 0A 3C 54 79 70 65 3E 4E 61 74 75 72 61 6C 3C 2F 54 79 70 65 3E 0A 3C 43 72 65 61 74 65 64 3E 32 30 31 36 2E 38 2E 39 3C 2F 43 72 65 61 74 65 64 3E 0A 3C 4C 61 73 74 4D 6F 64 69 66 69 65 64 3E 32 30 31 36 2E 38 2E 39 3C 2F 4C 61 73 74 4D 6F 64 69 66 69 65 64 3E 0A 3C 43 72 65 61 74 65 64 42 79 3E 47 65 6E 74 61 20 49 74 6F 3C 2F 43 72 65 61 74 65 64 42 79 3E 0A 3C 53 65 71 75 65 6E 63 65 43 6C 61 73 73 3E 55 4E 41 3C 2F 53 65 71 75 65 6E 63 65 43 6C 61 73 73 3E 0A 3C 54 72 61 6E 73 66 6F 72 6D 65 64 49 6E 74 6F 3E 75 6E 73 70 65 63 69 66 69 65 64 3C 2F 54 72 61 6E 73 66 6F 72 6D 65 64 49 6E 74 6F 3E 0A 3C 2F 4E 6F 74 65 73 3E 0A

07 
00 00 07 E4
3C 3F 78 6D 6C 20 76 65 72 73 69 6F 6E 3D 22 31 2E 30 22 3F 3E 3C 48 69 73 74 6F 72 79 54 72 65 65 3E 3C 4E 6F 64 65 20 6E 61 6D 65 3D 22 68 52 61 62 31 30 45 78 31 4C 5F 61 73 2E 64 6E 61 22 20 74 79 70 65 3D 22 44 4E 41 22 20 73 65 71 4C 65 6E 3D 22 32 35 22 20 49 44 3D 22 33 22 20 63 69 72 63 75 6C 61 72 3D 22 30 22 20 75 70 73 74 72 65 61 6D 4D 6F 64 69 66 69 63 61 74 69 6F 6E 3D 22 55 6E 6D 6F 64 69 66 69 65 64 22 20 64 6F 77 6E 73 74 72 65 61 6D 4D 6F 64 69 66 69 63 61 74 69 6F 6E 3D 22 55 6E 6D 6F 64 69 66 69 65 64 22 20 6F 70 65 72 61 74 69 6F 6E 3D 22 72 65 6D 6F 76 65 22 3E 3C 49 6E 70 75 74 53 75 6D 6D 61 72 79 20 6D 61 6E 69 70 75 6C 61 74 69 6F 6E 3D 22 72 65 6D 6F 76 65 22 20 76 61 6C 31 3D 22 32 35 22 20 76 61 6C 32 3D 22 32 35 22 2F 3E 3C 4E 6F 64 65 20 6E 61 6D 65 3D 22 68 52 61 62 31 30 45 78 31 4C 5F 61 73 2E 64 6E 61 22 20 74 79 70 65 3D 22 44 4E 41 22 20 73 65 71 4C 65 6E 3D 22 32 36 22 20 49 44 3D 22 32 22 20 63 69 72 63 75 6C 61 72 3D 22 30 22 20 75 70 73 74 72 65 61 6D 4D 6F 64 69 66 69 63 61 74 69 6F 6E 3D 22 55 6E 6D 6F 64 69 66 69 65 64 22 20 64 6F 77 6E 73 74 72 65 61 6D 4D 6F 64 69 66 69 63 61 74 69 6F 6E 3D 22 55 6E 6D 6F 64 69 66 69 65 64 22 20 72 65 73 75 72 72 65 63 74 61 62 6C 65 3D 22 31 22 20 6F 70 65 72 61 74 69 6F 6E 3D 22 69 6E 73 65 72 74 22 3E 3C 46 65 61 74 75 72 65 73 3E 3C 46 65 61 74 75 72 65 20 6E 61 6D 65 3D 22 45 78 31 22 20 64 69 72 65 63 74 69 6F 6E 61 6C 69 74 79 3D 22 31 22 20 74 79 70 65 3D 22 65 78 6F 6E 22 20 61 6C 6C 6F 77 53 65 67 6D 65 6E 74 4F 76 65 72 6C 61 70 73 3D 22 30 22 3E 3C 53 65 67 6D 65 6E 74 20 72 61 6E 67 65 3D 22 35 2D 32 35 22 20 63 6F 6C 6F 72 3D 22 23 37 30 38 30 39 30 22 20 74 79 70 65 3D 22 73 74 61 6E 64 61 72 64 22 2F 3E 3C 2F 46 65 61 74 75 72 65 3E 3C 2F 46 65 61 74 75 72 65 73 3E 3C 48 69 73 74 6F 72 79 43 6F 6C 6F 72 73 3E 3C 53 74 72 61 6E 64 43 6F 6C 6F 72 73 20 74 79 70 65 3D 22 49 6E 70 75 74 22 3E 3C 54 6F 70 53 74 72 61 6E 64 3E 3C 43 6F 6C 6F 72 52 61 6E 67 65 20 72 61 6E 67 65 3D 22 32 35 2E 2E 32 35 22 20 63 6F 6C 6F 72 73 3D 22 77 68 69 74 65 22 2F 3E 3C 2F 54 6F 70 53 74 72 61 6E 64 3E 3C 42 6F 74 74 6F 6D 53 74 72 61 6E 64 3E 3C 43 6F 6C 6F 72 52 61 6E 67 65 20 72 61 6E 67 65 3D 22 32 35 2E 2E 32 35 22 20 63 6F 6C 6F 72 73 3D 22 77 68 69 74 65 22 2F 3E 3C 2F 42 6F 74 74 6F 6D 53 74 72 61 6E 64 3E 3C 2F 53 74 72 61 6E 64 43 6F 6C 6F 72 73 3E 3C 53 74 72 61 6E 64 43 6F 6C 6F 72 73 20 74 79 70 65 3D 22 50 72 6F 64 75 63 74 22 3E 3C 54 6F 70 53 74 72 61 6E 64 3E 3C 43 6F 6C 6F 72 52 61 6E 67 65 20 72 61 6E 67 65 3D 22 32 35 2E 2E 32 35 22 20 63 6F 6C 6F 72 73 3D 22 72 65 64 22 2F 3E 3C 2F 54 6F 70 53 74 72 61 6E 64 3E 3C 42 6F 74 74 6F 6D 53 74 72 61 6E 64 3E 3C 43 6F 6C 6F 72 52 61 6E 67 65 20 72 61 6E 67 65 3D 22 32 35 2E 2E 32 35 22 20 63 6F 6C 6F 72 73 3D 22 72 65 64 22 2F 3E 3C 2F 42 6F 74 74 6F 6D 53 74 72 61 6E 64 3E 3C 2F 53 74 72 61 6E 64 43 6F 6C 6F 72 73 3E 3C 2F 48 69 73 74 6F 72 79 43 6F 6C 6F 72 73 3E 3C 49 6E 70 75 74 53 75 6D 6D 61 72 79 20 6D 61 6E 69 70 75 6C 61 74 69 6F 6E 3D 22 69 6E 73 65 72 74 41 74 22 20 76 61 6C 31 3D 22 32 35 22 2F 3E 3C 4E 6F 64 65 20 6E 61 6D 65 3D 22 45 78 31 20 6C 65 66 74 20 67 75 69 64 65 2E 64 6E 61 22 20 74 79 70 65 3D 22 44 4E 41 22 20 73 65 71 4C 65 6E 3D 22 32 35 22 20 49 44 3D 22 31 22 20 63 69 72 63 75 6C 61 72 3D 22 30 22 20 75 70 73 74 72 65 61 6D 4D 6F 64 69 66 69 63 61 74 69 6F 6E 3D 22 55 6E 6D 6F 64 69 66 69 65 64 22 20 64 6F 77 6E 73 74 72 65 61 6D 4D 6F 64 69 66 69 63 61 74 69 6F 6E 3D 22 55 6E 6D 6F 64 69 66 69 65 64 22 20 72 65 73 75 72 72 65 63 74 61 62 6C 65 3D 22 31 22 20 6F 70 65 72 61 74 69 6F 6E 3D 22 69 6E 73 65 72 74 22 3E 3C 46 65 61 74 75 72 65 73 3E 3C 46 65 61 74 75 72 65 20 6E 61 6D 65 3D 22 45 78 31 22 20 64 69 72 65 63 74 69 6F 6E 61 6C 69 74 79 3D 22 31 22 20 74 79 70 65 3D 22 65 78 6F 6E 22 20 61 6C 6C 6F 77 53 65 67 6D 65 6E 74 4F 76 65 72 6C 61 70 73 3D 22 30 22 3E 3C 53 65 67 6D 65 6E 74 20 72 61 6E 67 65 3D 22 35 2D 32 35 22 20 63 6F 6C 6F 72 3D 22 23 37 30 38 30 39 30 22 20 74 79 70 65 3D 22 73 74 61 6E 64 61 72 64 22 2F 3E 3C 2F 46 65 61 74 75 72 65 3E 3C 2F 46 65 61 74 75 72 65 73 3E 3C 48 69 73 74 6F 72 79 43 6F 6C 6F 72 73 3E 3C 53 74 72 61 6E 64 43 6F 6C 6F 72 73 20 74 79 70 65 3D 22 50 72 6F 64 75 63 74 22 3E 3C 54 6F 70 53 74 72 61 6E 64 3E 3C 43 6F 6C 6F 72 52 61 6E 67 65 20 72 61 6E 67 65 3D 22 30 2E 2E 33 22 20 63 6F 6C 6F 72 73 3D 22 72 65 64 22 2F 3E 3C 2F 54 6F 70 53 74 72 61 6E 64 3E 3C 42 6F 74 74 6F 6D 53 74 72 61 6E 64 3E 3C 43 6F 6C 6F 72 52 61 6E 67 65 20 72 61 6E 67 65 3D 22 30 2E 2E 33 22 20 63 6F 6C 6F 72 73 3D 22 72 65 64 22 2F 3E 3C 2F 42 6F 74 74 6F 6D 53 74 72 61 6E 64 3E 3C 2F 53 74 72 61 6E 64 43 6F 6C 6F 72 73 3E 3C 2F 48 69 73 74 6F 72 79 43 6F 6C 6F 72 73 3E 3C 49 6E 70 75 74 53 75 6D 6D 61 72 79 20 6D 61 6E 69 70 75 6C 61 74 69 6F 6E 3D 22 69 6E 73 65 72 74 41 74 22 20 76 61 6C 31 3D 22 30 22 2F 3E 3C 4E 6F 64 65 20 6E 61 6D 65 3D 22 45 78 31 20 6C 65 66 74 20 67 75 69 64 65 2E 64 6E 61 22 20 74 79 70 65 3D 22 44 4E 41 22 20 73 65 71 4C 65 6E 3D 22 32 31 22 20 49 44 3D 22 30 22 20 63 69 72 63 75 6C 61 72 3D 22 30 22 20 75 70 73 74 72 65 61 6D 4D 6F 64 69 66 69 63 61 74 69 6F 6E 3D 22 55 6E 6D 6F 64 69 66 69 65 64 22 20 64 6F 77 6E 73 74 72 65 61 6D 4D 6F 64 69 66 69 63 61 74 69 6F 6E 3D 22 55 6E 6D 6F 64 69 66 69 65 64 22 20 72 65 73 75 72 72 65 63 74 61 62 6C 65 3D 22 31 22 20 6F 70 65 72 61 74 69 6F 6E 3D 22 69 6E 76 61 6C 69 64 22 3E 3C 46 65 61 74 75 72 65 73 3E 3C 46 65 61 74 75 72 65 20 6E 61 6D 65 3D 22 45 78 31 22 20 64 69 72 65 63 74 69 6F 6E 61 6C 69 74 79 3D 22 31 22 20 74 79 70 65 3D 22 65 78 6F 6E 22 20 61 6C 6C 6F 77 53 65 67 6D 65 6E 74 4F 76 65 72 6C 61 70 73 3D 22 30 22 3E 3C 53 65 67 6D 65 6E 74 20 72 61 6E 67 65 3D 22 31 2D 32 31 22 20 63 6F 6C 6F 72 3D 22 23 37 30 38 30 39 30 22 20 74 79 70 65 3D 22 73 74 61 6E 64 61 72 64 22 2F 3E 3C 2F 46 65 61 74 75 72 65 3E 3C 2F 46 65 61 74 75 72 65 73 3E 3C 2F 4E 6F 64 65 3E 3C 2F 4E 6F 64 65 3E 3C 2F 4E 6F 64 65 3E 3C 2F 4E 6F 64 65 3E 3C 2F 48 69 73 74 6F 72 79 54 72 65 65 3E 0A

08 
00 00 01 07
3C 41 64 64 69 74 69 6F 6E 61 6C 53 65 71 75 65 6E 63 65 50 72 6F 70 65 72 74 69 65 73 3E 3C 55 70 73 74 72 65 61 6D 53 74 69 63 6B 69 6E 65 73 73 3E 30 3C 2F 55 70 73 74 72 65 61 6D 53 74 69 63 6B 69 6E 65 73 73 3E 3C 44 6F 77 6E 73 74 72 65 61 6D 53 74 69 63 6B 69 6E 65 73 73 3E 30 3C 2F 44 6F 77 6E 73 74 72 65 61 6D 53 74 69 63 6B 69 6E 65 73 73 3E 3C 55 70 73 74 72 65 61 6D 4D 6F 64 69 66 69 63 61 74 69 6F 6E 3E 55 6E 6D 6F 64 69 66 69 65 64 3C 2F 55 70 73 74 72 65 61 6D 4D 6F 64 69 66 69 63 61 74 69 6F 6E 3E 3C 44 6F 77 6E 73 74 72 65 61 6D 4D 6F 64 69 66 69 63 61 74 69 6F 6E 3E 55 6E 6D 6F 64 69 66 69 65 64 3C 2F 44 6F 77 6E 73 74 72 65 61 6D 4D 6F 64 69 66 69 63 61 74 69 6F 6E 3E 3C 2F 41 64 64 69 74 69 6F 6E 61 6C 53 65 71 75 65 6E 63 65 50 72 6F 70 65 72 74 69 65 73 3E

0A 
00 00 02 BD
3C 3F 78 6D 6C 20 76 65 72 73 69 6F 6E 3D 22 31 2E 30 22 3F 3E 3C 46 65 61 74 75 72 65 73 20 6E 65 78 74 56 61 6C 69 64 49 44 3D 22 33 22 3E 3C 46 65 61 74 75 72 65 20 72 65 63 65 6E 74 49 44 3D 22 32 22 20 6E 61 6D 65 3D 22 45 78 31 20 6C 65 66 74 20 67 75 69 64 65 22 20 64 69 72 65 63 74 69 6F 6E 61 6C 69 74 79 3D 22 32 22 20 74 79 70 65 3D 22 6D 69 73 63 5F 66 65 61 74 75 72 65 22 20 73 77 61 70 70 65 64 53 65 67 6D 65 6E 74 4E 75 6D 62 65 72 69 6E 67 3D 22 31 22 20 61 6C 6C 6F 77 53 65 67 6D 65 6E 74 4F 76 65 72 6C 61 70 73 3D 22 30 22 20 72 65 61 64 69 6E 67 46 72 61 6D 65 3D 22 2D 31 22 20 63 6F 6E 73 65 63 75 74 69 76 65 54 72 61 6E 73 6C 61 74 69 6F 6E 4E 75 6D 62 65 72 69 6E 67 3D 22 31 22 3E 3C 53 65 67 6D 65 6E 74 20 72 61 6E 67 65 3D 22 35 2D 32 35 22 20 63 6F 6C 6F 72 3D 22 23 66 66 66 66 30 30 22 20 74 79 70 65 3D 22 73 74 61 6E 64 61 72 64 22 2F 3E 3C 2F 46 65 61 74 75 72 65 3E 3C 46 65 61 74 75 72 65 20 72 65 63 65 6E 74 49 44 3D 22 31 22 20 6E 61 6D 65 3D 22 53 74 61 72 74 22 20 74 79 70 65 3D 22 6D 69 73 63 5F 66 65 61 74 75 72 65 22 20 61 6C 6C 6F 77 53 65 67 6D 65 6E 74 4F 76 65 72 6C 61 70 73 3D 22 30 22 20 63 6F 6E 73 65 63 75 74 69 76 65 54 72 61 6E 73 6C 61 74 69 6F 6E 4E 75 6D 62 65 72 69 6E 67 3D 22 31 22 3E 3C 53 65 67 6D 65 6E 74 20 72 61 6E 67 65 3D 22 35 2D 37 22 20 63 6F 6C 6F 72 3D 22 23 66 66 30 30 30 30 22 20 74 79 70 65 3D 22 73 74 61 6E 64 61 72 64 22 2F 3E 3C 2F 46 65 61 74 75 72 65 3E 3C 46 65 61 74 75 72 65 20 72 65 63 65 6E 74 49 44 3D 22 30 22 20 6E 61 6D 65 3D 22 45 78 31 22 20 64 69 72 65 63 74 69 6F 6E 61 6C 69 74 79 3D 22 31 22 20 74 79 70 65 3D 22 65 78 6F 6E 22 20 61 6C 6C 6F 77 53 65 67 6D 65 6E 74 4F 76 65 72 6C 61 70 73 3D 22 30 22 20 72 65 61 64 69 6E 67 46 72 61 6D 65 3D 22 33 22 20 63 6F 6E 73 65 63 75 74 69 76 65 54 72 61 6E 73 6C 61 74 69 6F 6E 4E 75 6D 62 65 72 69 6E 67 3D 22 30 22 3E 3C 53 65 67 6D 65 6E 74 20 72 61 6E 67 65 3D 22 35 2D 32 35 22 20 63 6F 6C 6F 72 3D 22 23 37 30 38 30 39 30 22 20 74 79 70 65 3D 22 73 74 61 6E 64 61 72 64 22 2F 3E 3C 2F 46 65 61 74 75 72 65 3E 3C 2F 46 65 61 74 75 72 65 73 3E 0A

05 
00 00 00 97
3C 3F 78 6D 6C 20 76 65 72 73 69 6F 6E 3D 22 31 2E 30 22 3F 3E 3C 50 72 69 6D 65 72 73 20 6E 65 78 74 56 61 6C 69 64 49 44 3D 22 30 22 3E 3C 48 79 62 72 69 64 69 7A 61 74 69 6F 6E 50 61 72 61 6D 73 20 6D 69 6E 43 6F 6E 74 69 6E 75 6F 75 73 4D 61 74 63 68 4C 65 6E 3D 22 31 30 22 20 61 6C 6C 6F 77 4D 69 73 6D 61 74 63 68 3D 22 31 22 20 6D 69 6E 4D 65 6C 74 69 6E 67 54 65 6D 70 65 72 61 74 75 72 65 3D 22 34 30 22 2F 3E 3C 2F 50 72 69 6D 65 72 73 3E 0A

06 
00 00 00 DC
3C 4E 6F 74 65 73 3E 0A 3C 54 79 70 65 3E 4E 61 74 75 72 61 6C 3C 2F 54 79 70 65 3E 0A 3C 43 72 65 61 74 65 64 3E 32 30 31 36 2E 38 2E 39 3C 2F 43 72 65 61 74 65 64 3E 0A 3C 4C 61 73 74 4D 6F 64 69 66 69 65 64 3E 32 30 31 37 2E 31 2E 33 30 3C 2F 4C 61 73 74 4D 6F 64 69 66 69 65 64 3E 0A 3C 43 72 65 61 74 65 64 42 79 3E 47 65 6E 74 61 20 49 74 6F 3C 2F 43 72 65 61 74 65 64 42 79 3E 0A 3C 53 65 71 75 65 6E 63 65 43 6C 61 73 73 3E 55 4E 41 3C 2F 53 65 71 75 65 6E 63 65 43 6C 61 73 73 3E 0A 3C 54 72 61 6E 73 66 6F 72 6D 65 64 49 6E 74 6F 3E 75 6E 73 70 65 63 69 66 69 65 64 3C 2F 54 72 61 6E 73 66 6F 72 6D 65 64 49 6E 74 6F 3E 0A 3C 2F 4E 6F 74 65 73 3E 0A

0D 
00 00 01 59
01 00 01 00 01 00 00 4B 00 00 00 00 00 00 00 00 00 03 3F 3F 3F 20 36 2B 20 3F 3F 3F 3F 00 00 00 00 00 00 00 00 00 00 00 00 00 00 00 00 00 00 00 00 00 00 00 00 00 00 00 00 00 00 00 00 00 00 00 00 00 00 00 00 00 00 00 00 00 00 00 00 00 00 00 00 00 00 00 00 00 00 00 00 00 00 00 00 00 00 00 00 00 00 00 00 00 00 00 00 00 00 00 00 00 00 00 00 00 00 00 00 00 00 00 00 00 00 00 00 00 00 00 00 00 00 00 00 00 00 00 48 4F 00 00 64 00 00 00 00 00 00 00 00 00 00 00 00 01 01 01 01 00 00 00 45 00 00 00 00 00 00 00 00 00 01 00 00 00 00 00 00 00 00 00 00 00 00 00 00 00 00 00 00 00 00 00 00 00 00 00 00 00 00 00 00 00 00 00 00 00 00 00 00 00 00 00 00 00 00 00 00 00 00 00 00 00 00 00 00 00 00 00 00 00 00 00 00 00 00 00 00 00 00 00 00 00 00 00 00 00 00 00 00 00 00 00 00 00 00 00 00 00 00 00 00 00 00 00 00 00 00 00 00 00 00 00 00 00 00 00 00 00 00 00 00 00 00 00 00 00 00 00 00 00 00 00 00 00 00 00 00 00 00 00 00 00 00 00 00 00 00 00 00 00 00 00 00 00 00 00 00 00 00 00 00 00 00 00 00 00 00 00 00 00 00 00 00 00 00 00 00 00 00 00 00 00 00 00 00

[EOF]